206 214
435 437
458 473
434 439
602 605
131 146
255 270
546 550
594 597
603 604
433 440
585 589
520 531
257 272
535 541
576 581
399 416
521 529
536 540
120 126
256 273
609 613
68 77
207 213
593 597
208 212
237 244
609 612
217 225
401 411
567 568
102 113
546 551
69 77
491 498
578 580
181 186
444 452
520 530
593 598
481 486
85 89
279 287
602 604
566 570
153 157
152 158
101 114
83 93
458 471
179 188
422 430
537 539
119 127
480 485
457 474
84 94
67 76
585 591
423 429
163 171
193 201
507 516
508 515
218 224
489 501
194 200
445 451
586 590
279 286
545 547
400 414
165 170
577 582
480 483
490 500
103 111
558 563
133 144
164 175
151 159
280 285
608 613
557 559
566 569
235 250
425 427
180 187
218 230
506 517
236 244
132 147
121 125
192 202
443 453
