GP_F_20130808_78_2_005.mat -142074.533642 277805.693384 162 172
GP_E_20130808_H_001.mat -141995.610069 276516.136205 500 506
GP_E_20130808_78_2_001.mat -142306.582144 276433.527263 498 516
GP_F_20130808_H_003.mat -142453.29851 277425.108077 91 109
GP_F_20130808_78_1_005.mat -142001.099389 278030.965454 136 150
GP_F_20130808_78_1_004.mat -142308.205106 277526.711381 93 108
GP_F_20130808_78_1_006.mat -142230.903338 277914.990389 163 172
GP_F_20130808_78_2_004.mat -142053.895307 278104.32013 137 148
GP_E_20130808_78_1_001.mat -142182.35829 276436.956604 499 507
GP_F_20130808_H_002.mat -141839.730407 275851.559233 68 87
GP_F_20130808_78_1_002.mat -142065.117542 275875.118216 68 85
GP_F_20130808_H_004.mat -142096.802893 277949.233252 134 147
GP_F_20130808_H_005.mat -141980.116176 277778.837075 161 184
GP_F_20130808_78_2_001.mat -141742.10415 276029.083331 25 54
GP_F_20130808_78_1_001.mat -142016.377207 275844.31617 23 55
GP_F_20130808_78_2_003.mat -142295.893649 275823.645026 74 110
GP_F_20130808_78_2_002.mat -142207.96133 275671.409579 65 72
GP_F_20130808_H_001.mat -141853.557336 275932.554639 24 53
GP_F_20130808_78_1_003.mat -142388.958807 277569.297437 85 87
