GP_F_20120605_76CSx_002_NE20.mat -142139.353475 277823.044228 123 138
GP_F_20120605_H_005_NE20.mat -142124.517123 278377.48837 245 254
GP_F_20120605_H_001_NE20.mat -142290.356625 276973.483685 104 122
GP_F_20120605_76CSx_001_NE20.mat -142230.303519 276984.023347 101 114
GP_F_20120605_H_004_NE20.mat -142165.64926 278373.671005 197 209
GP_F_20120605_H_003_NE20.mat -142180.735604 278555.306659 162 166
GP_F_20120605_76CSx_005_NE20.mat -142143.872977 278345.31557 244 255
GP_F_20120605_76CSx_003_NE20.mat -142181.241561 278569.436121 162 168
GP_F_20120605_H_002_NE20.mat -142180.052577 278175.748266 133 140
GP_F_20120605_76CSx_004_NE20.mat -142165.64926 278373.671005 197 209
