GP_F_20130801_78_2_011_SE15.mat -142184.564701 278343.490306 257 261
GP_E_20130802_78_1_002.mat -142088.452706 278591.750164 1251 1278
GP_F_20130801_78_2_004_SE15.mat -142161.396652 278316.773583 129 138
GP_F_20130801_78_2_009_SE15.mat -142290.072348 275776.832773 206 213
GP_F_20130801_78_1_004_SE15.mat -142232.49461 278246.762506 118 122
GP_F_20130801_H_011_SE15.mat -142102.554376 277737.013105 235 250
GP_E_20130802_H_005.mat -142119.766732 278560.603051 1315 1341
GP_F_20130801_78_1_001_SE15.mat -141704.48416 276028.529094 64 72
GP_F_20130801_H_008_SE15.mat -142180.537456 278325.841563 192 198
GP_F_20130801_78_1_005_SE15.mat -142165.788984 278297.520493 128 137
GP_E_20130802_78_2_003.mat -141859.615058 276482.307943 1283 1293
GP_F_20130801_78_2_010_SE15.mat -141741.951078 275928.137369 218 251
GP_E_20130802_78_1_001.mat -142114.748451 279331.264461 1245 1247
GP_F_20130801_78_1_009_SE15.mat -142280.055001 275824.539656 207 213
GP_F_20130801_H_009_SE15.mat -142278.68546 275790.381933 206 214
GP_F_20130801_78_1_003_SE15.mat -142286.765693 278202.528912 103 113
GP_F_20130801_H_003_SE15.mat -142123.394602 278315.986537 105 114
GP_F_20130801_78_2_008_SE15.mat -142165.64926 278373.671005 193 198
GP_E_20130802_H_004.mat -142057.048057 278739.182662 1299 1307
GP_F_20130801_H_012_SE15.mat -142184.564701 278343.490306 257 261
GP_E_20130802_78_1_004.mat -142143.838729 278690.173576 1300 1309
GP_E_20130802_H_001.mat -142106.251535 279313.523041 1245 1248
GP_E_20130802_78_1_003.mat -141776.734427 276422.008717 1284 1291
GP_F_20130801_78_1_010_SE15.mat -141704.930526 275972.063695 218 225
GP_F_20130801_H_001_SE15.mat -141722.615744 276024.901214 64 73
GP_E_20130802_78_2_005.mat -142123.116381 278541.550652 1315 1328
GP_E_20130802_78_2_006.mat -142290.356625 276973.483685 1331 1342
GP_F_20130801_78_1_006_SE15.mat -141769.526209 276113.360975 145 151
GP_E_20130802_78_1_007.mat -142115.162255 278593.970796 1388 1393
GP_E_20130802_H_003.mat -141872.738221 276489.027049 1283 1293
GP_F_20130801_78_2_002_SE15.mat -142241.680483 278235.16856 104 113
GP_F_20130801_78_1_008_SE15.mat -142181.171269 278291.391115 191 197
GP_F_20130801_78_1_011_SE15.mat -142121.669055 277813.006035 236 249
GP_E_20130802_H_006.mat -142118.055184 278577.68826 1389 1393
GP_F_20130801_78_2_006_SE15.mat -141786.146196 276117.150482 155 168
GP_F_20130801_H_007_SE15.mat -141768.038365 276193.150786 156 187
GP_F_20130801_H_002_SE15.mat -142167.981507 277890.89644 83 96
GP_E_20130802_78_1_005.mat -142118.055184 278577.68826 1315 1329
GP_F_20130801_78_2_001_SE15.mat -141783.034784 276051.16206 64 97
GP_E_20130802_H_002.mat -142105.038069 278550.626009 1252 1279
GP_E_20130802_78_2_002.mat -142105.180407 278482.03521 1252 1278
GP_F_20130801_H_005_SE15.mat -142148.748147 278329.741169 129 138
GP_F_20130801_H_006_SE15.mat -141783.034784 276051.16206 144 152
GP_E_20130802_78_2_004.mat -142097.651384 278733.79755 1300 1308
GP_F_20130801_H_010_SE15.mat -141704.930526 275972.063695 219 226
GP_F_20130801_78_2_003_SE15.mat -142265.91505 278198.872672 118 122
GP_F_20130801_78_1_007_SE15.mat -141792.577891 276064.921957 155 186
GP_F_20130801_78_2_007_SE15.mat -142184.082146 277707.462056 170 185
GP_F_20130801_78_2_005_SE15.mat -141773.017914 276010.044444 144 152
GP_E_20130802_78_1_006.mat -142275.361202 276910.694454 1331 1343
GP_F_20130801_78_1_012_SE15.mat -142184.564701 278343.490306 258 262
GP_F_20130801_H_004_SE15.mat -142200.722574 278253.663899 118 123
GP_E_20130802_78_2_007.mat -142122.396389 278649.595985 1387 1393
GP_E_20130802_78_2_001.mat -142095.333418 279327.860718 1246 1247
GP_F_20130801_78_1_002_SE15.mat -142146.590981 278152.375939 86 95
