DG_F_20131105_78_3_010_ESE10.mat -95795.005169 322765.762003 206 214
DG_E_20131105_78_1_003_S5.mat -95290.595878 322254.712191 435 437
DG_E_20131105_78_3_005_S5.mat -95313.945997 322054.313712 458 473
DG_E_20131105_78_3_003_S5.mat -95362.789395 322232.479537 434 439
DG_E_20131105_78_3_017_S5.mat -95403.834885 322020.763556 602 605
DG_F_20131105_78_2_005_ESE10.mat -95605.470538 321419.079847 131 146
DG_F_20131105_78_3_013_ESE10.mat -95829.980448 322715.766097 255 270
DG_E_20131105_78_2_011_S5.mat -95465.740651 322138.50616 546 550
DG_E_20131105_78_1_015_S5.mat -95308.818603 322233.837908 594 597
DG_E_20131105_78_1_016_S5.mat -95311.940788 322152.36834 603 604
DG_E_20131105_78_2_003_S5.mat -95419.444993 322175.334273 433 440
DG_E_20131105_78_3_015_S5.mat -95252.466288 322081.923131 585 589
DG_E_20131105_78_3_009_S5.mat -95359.538059 321908.939314 520 531
DG_F_20131105_78_1_013_ESE10.mat -95633.663889 322758.270622 257 272
DG_E_20131105_78_2_010_S5.mat -95560.430872 322169.968929 535 541
DG_E_20131105_78_2_014_S5.mat -95274.457977 322217.233045 576 581
DG_E_20131105_78_3_001_S5.mat -95473.932507 321524.994053 399 416
DG_E_20131105_78_1_009_S5.mat -95362.086412 321982.036413 521 529
DG_E_20131105_78_3_010_S5.mat -95536.417473 322292.62521 536 540
DG_F_20131105_78_2_004_ESE10.mat -95581.550265 322514.222397 120 126
DG_F_20131105_78_2_013_ESE10.mat -95772.08946 322742.309337 256 273
DG_E_20131105_78_2_018_S5.mat -95361.616165 322151.839557 609 613
DG_F_20131105_78_2_001_ESE10.mat -95633.663889 322758.270622 68 77
DG_F_20131105_78_2_010_ESE10.mat -95727.846085 322746.136296 207 213
DG_E_20131105_78_2_016_S5.mat -95361.616165 322151.839557 593 597
DG_F_20131105_78_1_010_ESE10.mat -95633.663889 322758.270622 208 212
DG_F_20131105_78_1_012_ESE10.mat -95696.284759 322745.137259 237 244
DG_E_20131105_78_1_017_S5.mat -95308.818603 322233.837908 609 612
DG_F_20131105_78_3_011_ESE10.mat -95752.157746 322523.28823 217 225
DG_E_20131105_78_1_001_S5.mat -95322.351153 321657.319714 401 411
DG_E_20131105_78_1_012_S5.mat -95344.619796 322306.28801 567 568
DG_F_20131105_78_3_003_ESE10.mat -95739.691533 322648.330509 102 113
DG_E_20131105_78_1_011_S5.mat -95458.814979 322247.834881 546 551
DG_F_20131105_78_3_001_ESE10.mat -95561.668178 322766.713739 69 77
DG_E_20131105_78_1_007_S5.mat -95297.111079 322129.141682 491 498
DG_E_20131105_78_1_013_S5.mat -95319.024779 322338.068459 578 580
DG_F_20131105_78_1_008_ESE10.mat -95624.956384 322655.06097 181 186
DG_E_20131105_78_2_004_S5.mat -95552.480239 322210.780949 444 452
DG_E_20131105_78_2_009_S5.mat -95370.378415 321956.464086 520 530
DG_E_20131105_78_3_016_S5.mat -95409.222888 322112.026874 593 598
DG_E_20131105_78_1_006_S5.mat -95643.956565 321815.062199 481 486
DG_F_20131105_78_3_002_ESE10.mat -95594.908061 322495.171125 85 89
DG_F_20131105_78_2_014_ESE10.mat -95796.7698 322594.975073 279 287
DG_E_20131105_78_2_017_S5.mat -95352.172677 322078.201106 602 604
DG_E_20131105_78_3_013_S5.mat -95416.936169 322150.500474 566 570
DG_F_20131105_78_1_006_ESE10.mat -95562.827365 322627.389474 153 157
DG_F_20131105_78_2_006_ESE10.mat -95655.422127 322604.111351 152 158
DG_F_20131105_78_2_003_ESE10.mat -95776.557495 322638.839723 101 114
DG_F_20131105_78_2_002_ESE10.mat -95685.938977 322532.589609 83 93
DG_E_20131105_78_1_005_S5.mat -95282.138247 322110.47246 458 471
DG_F_20131105_78_3_008_ESE10.mat -95791.623952 322661.959694 179 188
DG_E_20131105_78_3_002_S5.mat -95607.802402 322124.37166 422 430
DG_E_20131105_78_1_010_S5.mat -95509.382901 322410.123955 537 539
DG_F_20131105_78_3_004_ESE10.mat -95661.143977 322529.906414 119 127
DG_E_20131105_78_3_006_S5.mat -95615.153111 321826.445991 480 485
DG_E_20131105_78_2_005_S5.mat -95362.086412 321982.036413 457 474
DG_F_20131105_78_1_002_ESE10.mat -95661.143977 322529.906414 84 94
DG_F_20131105_78_1_001_ESE10.mat -95710.691717 322770.027109 67 76
DG_E_20131105_78_2_015_S5.mat -95321.416139 322002.374303 585 591
DG_E_20131105_78_2_002_S5.mat -95552.480239 322210.780949 423 429
DG_F_20131105_78_2_007_ESE10.mat -95772.151328 322720.958732 163 171
DG_F_20131105_78_3_009_ESE10.mat -95727.963824 322816.864737 193 201
DG_E_20131105_78_3_008_S5.mat -95330.651303 321903.642448 507 516
DG_E_20131105_78_1_008_S5.mat -95281.666459 321996.592192 508 515
DG_F_20131105_78_2_011_ESE10.mat -95674.823605 322555.786774 218 224
DG_E_20131105_78_3_007_S5.mat -95365.919214 322008.667937 489 501
DG_F_20131105_78_1_009_ESE10.mat -95658.689054 322818.005453 194 200
DG_E_20131105_78_1_004_S5.mat -95568.396796 322269.609038 445 451
DG_E_20131105_78_1_014_S5.mat -95246.122842 322132.766335 586 590
DG_F_20131105_78_3_014_ESE10.mat -95726.348921 322609.777299 279 286
DG_E_20131105_78_3_011_S5.mat -95481.382953 322052.652601 545 547
DG_E_20131105_78_2_001_S5.mat -95418.389642 321581.598128 400 414
DG_F_20131105_78_1_007_ESE10.mat -95608.855595 322711.327599 165 170
DG_E_20131105_78_3_014_S5.mat -95254.570559 322289.127249 577 582
DG_E_20131105_78_2_006_S5.mat -95583.845766 321824.00544 480 483
DG_E_20131105_78_2_007_S5.mat -95342.606526 322053.046278 490 500
DG_F_20131105_78_1_003_ESE10.mat -95624.956384 322655.06097 103 111
DG_E_20131105_78_2_012_S5.mat -95565.950651 322121.449729 558 563
DG_F_20131105_78_1_005_ESE10.mat -95479.066089 321498.376906 133 144
DG_F_20131105_78_3_007_ESE10.mat -95696.284759 322745.137259 164 175
DG_F_20131105_78_3_006_ESE10.mat -95731.134294 322585.379281 151 159
DG_F_20131105_78_1_014_ESE10.mat -95624.956384 322655.06097 280 285
DG_E_20131105_78_3_018_S5.mat -95415.755729 322087.430801 608 613
DG_E_20131105_78_3_012_S5.mat -95585.784031 322115.945043 557 559
DG_E_20131105_78_2_013_S5.mat -95362.789395 322232.479537 566 569
DG_F_20131105_78_2_012_ESE10.mat -95829.980448 322715.766097 235 250
DG_E_20131105_78_1_002_S5.mat -95407.107332 322285.921811 425 427
DG_F_20131105_78_2_008_ESE10.mat -95715.025885 322681.679511 180 187
DG_F_20131105_78_1_011_ESE10.mat -95582.931266 322574.181441 218 230
DG_E_20131105_78_2_008_S5.mat -95372.340585 321804.808457 506 517
DG_F_20131105_78_3_012_ESE10.mat -95772.151328 322720.958732 236 244
DG_F_20131105_78_3_005_ESE10.mat -95577.085672 321423.13017 132 147
DG_F_20131105_78_1_004_ESE10.mat -95478.089816 322474.851995 121 125
DG_F_20131105_78_2_009_ESE10.mat -95784.568513 322831.004325 192 202
DG_E_20131105_78_3_004_S5.mat -95560.430872 322169.968929 443 453
