DG_F_20131010_H_006_NNE05.mat -95885.266611 322648.819103 325 345
DG_F_20131010_78_2_006_NNE05.mat -95979.591565 322609.778512 324 353
DG_F_20131010_78_2_009_NNE05.mat -95371.507047 321592.062784 394 399
DG_E_20131010_78_2_002_NNE05.mat -95315.722243 321603.626585 35 62
DG_F_20131010_H_007_NNE05.mat -95476.34117 321630.67185 349 353
DG_F_20131010_78_2_010_NNE05.mat -95871.902933 322611.822178 416 425
DG_E_20131010_H_003_NNE05.mat -95174.085277 321342.098137 70 81
DG_F_20131010_H_009_NNE05.mat -95926.32494 322572.553574 372 390
DG_F_20131010_H_012_NNE05.mat -95936.363439 322586.484276 415 426
DG_E_20131010_78_2_006_NNE05.mat -95544.077431 321774.18456 524 544
DG_F_20131010_H_010_NNE05.mat -95315.722243 321603.626585 393 402
DG_E_20131010_78_1_001_NNE05.mat -95489.796051 321678.4557 15 29
DG_F_20131010_78_1_010_NNE05.mat -95804.162993 322633.444831 416 424
DG_F_20131010_78_1_004_NNE05.mat -95709.780084 322444.960783 269 274
DG_F_20131010_78_1_003_NNE05.mat -95709.695283 321518.178985 245 256
DG_F_20131010_H_011_NNE05.mat -95648.026108 321530.547134 407 410
DG_F_20131010_78_2_005_NNE05.mat -95904.662809 322505.080804 282 303
DG_F_20131010_78_1_005_NNE05.mat -95708.12025 322517.999378 284 293
DG_E_20131010_78_2_001_NNE05.mat -95452.156719 321725.857896 16 27
DG_E_20131010_78_1_002_NNE05.mat -95283.885747 321644.660917 36 63
DG_E_20131010_78_2_004_NNE05.mat -95423.17125 321721.893728 478 495
DG_E_20131010_78_1_004_NNE05.mat -95334.054712 321768.020486 479 496
DG_F_20131010_H_002_NNE05.mat -95865.999668 322512.543935 205 240
DG_E_20131010_H_004_NNE05.mat -95489.796051 321678.4557 477 492
DG_F_20131010_78_2_002_NNE05.mat -95802.090529 322543.784121 206 234
DG_F_20131010_78_1_008_NNE05.mat -95743.411416 322626.364052 374 389
DG_E_20131010_78_2_003_NNE05.mat -95309.372304 321399.366975 73 98
DG_E_20131010_H_006_NNE05.mat -95593.711965 321776.770588 524 545
DG_E_20131010_H_005_NNE05.mat -95603.594359 321654.806612 501 518
DG_F_20131010_78_1_001_NNE05.mat -95762.563642 322624.075265 169 192
DG_F_20131010_78_1_002_NNE05.mat -95692.813255 322574.165683 207 233
DG_F_20131010_H_003_NNE05.mat -95671.938138 321573.807394 243 253
DG_E_20131010_H_001_NNE05.mat -95524.40863 321643.243811 15 24
DG_E_20131010_H_002_NNE05.mat -95256.832697 321678.422733 37 63
DG_F_20131010_H_001_NNE05.mat -95982.916373 322632.844854 166 186
DG_F_20131010_H_004_NNE05.mat -95872.415169 322383.524762 267 279
DG_F_20131010_78_2_004_NNE05.mat -95817.573515 322424.344717 268 275
DG_F_20131010_H_005_NNE05.mat -95820.995762 322491.338403 283 301
DG_F_20131010_78_1_006_NNE05.mat -95816.387894 322655.524084 326 343
DG_E_20131010_78_1_003_NNE05.mat -95153.703096 321364.054537 71 96
DG_F_20131010_78_1_009_NNE05.mat -95426.518903 321607.400063 394 398
DG_F_20131010_78_2_001_NNE05.mat -95885.266611 322648.819103 167 198
DG_F_20131010_78_2_003_NNE05.mat -95664.35736 321503.308738 246 256
DG_F_20131010_78_2_007_NNE05.mat -95697.533767 321559.265121 362 367
DG_F_20131010_H_008_NNE05.mat -95671.938138 321573.807394 362 368
DG_F_20131010_78_2_008_NNE05.mat -95869.507709 322590.325845 373 390
DG_F_20131010_78_1_007_NNE05.mat -95448.249644 321647.848926 350 353
DG_E_20131010_78_2_005_NNE05.mat -95668.232355 321628.690363 499 520
DG_E_20131010_78_1_006_NNE05.mat -95472.119035 321858.581909 525 540
DG_E_20131010_78_1_005_NNE05.mat -95521.727402 321710.040106 501 519
