DG_E_20131106_78_2_006_SW10.mat -95261.529299 322057.91829 665 681
DG_F_20131106_78_3_003_SW10.mat -95791.623952 322661.959694 120 171
DG_E_20131106_78_1_002_SW10.mat -95342.606526 322053.046278 498 519
DG_E_20131106_78_1_005_SW10.mat -95456.457004 322053.526907 667 678
DG_E_20131106_78_2_009_SW10.mat -95234.419638 321999.268374 730 740
DG_E_20131106_78_3_008_SW10.mat -95331.467241 321981.497112 731 736
DG_F_20131106_78_2_003_SW10.mat -95713.105507 322705.450542 121 170
DG_E_20131106_78_2_008_SW10.mat -95389.944614 321970.082304 706 719
DG_E_20131106_78_2_002_SW10.mat -95234.030914 322066.875421 496 515
DG_E_20131106_78_2_007_SW10.mat -95641.324898 322387.396863 686 694
DG_E_20131106_78_1_001_SW10.mat -95282.134443 321900.629118 457 477
DG_F_20131106_78_1_001_SW10.mat -95727.846085 322746.136296 42 78
DG_E_20131106_78_3_006_SW10.mat -95663.016554 322413.389536 687 695
DG_E_20131106_78_2_001_SW10.mat -95339.571224 321833.152238 455 480
DG_E_20131106_78_2_005_SW10.mat -95282.138247 322110.47246 648 660
DG_E_20131106_78_3_007_SW10.mat -95305.526967 321986.80598 705 721
DG_E_20131106_78_3_002_SW10.mat -95174.988303 322073.390664 495 522
DG_F_20131106_78_3_002_SW10.mat -95664.35736 321503.308738 90 108
DG_E_20131106_78_3_005_SW10.mat -95342.606526 322053.046278 666 679
DG_E_20131106_78_1_006_SW10.mat -95663.016554 322413.389536 687 696
DG_E_20131106_78_3_001_SW10.mat -95378.690013 321781.989127 454 488
DG_E_20131106_78_2_010_SW10.mat -95580.707811 322438.479792 744 750
DG_E_20131106_78_1_008_SW10.mat -95433.553603 321938.22066 733 738
DG_F_20131106_78_3_001_SW10.mat -95791.649032 322711.001695 41 77
DG_E_20131106_78_1_003_SW10.mat -95515.299643 322129.302884 532 547
DG_F_20131106_78_2_002_SW10.mat -95636.822269 321503.367379 91 108
DG_E_20131106_78_1_007_SW10.mat -95458.700579 321972.601249 708 722
DG_E_20131106_78_3_003_SW10.mat -95240.102639 322234.323527 528 551
DG_F_20131106_78_1_003_SW10.mat -95571.482089 322706.133047 124 168
DG_E_20131106_78_1_004_SW10.mat -95317.27793 321832.95182 643 658
DG_E_20131106_78_1_009_SW10.mat -95623.196869 322441.077169 745 752
DG_E_20131106_78_2_004_SW10.mat -95239.412378 321800.837908 642 645
DG_F_20131106_78_1_002_SW10.mat -95605.935372 321544.413516 93 112
DG_E_20131106_78_2_003_SW10.mat -95362.559038 322203.563027 530 550
DG_F_20131106_78_2_001_SW10.mat -95871.349463 322696.330603 40 82
DG_E_20131106_78_3_004_SW10.mat -95196.509068 321765.098282 640 657
