PP_F_20140812_78_Y_009_N02.mat -131580.597584 289780.925636 96 105
PP_F_20140812_78_Y_016_N02.mat -131628.797134 290077.592542 190 198
PP_F_20140812_78_K_013_N02.mat -131586.108044 290432.218778 146 152
PP_F_20140812_78_K_007_N02.mat -131647.632079 289757.08644 52 66
PP_F_20140812_78_Y_010_N02.mat -131739.570502 291211.995108 108 111
PP_F_20140812_78s_G_012_N02.mat -131506.025568 289823.632716 128 139
PP_E_20140812_78_Y_005_N03.mat -131294.673769 291707.109459 343 345
PP_E_20140812_78_Y_003_N03.mat -131384.352015 291868.931949 313 330
PP_F_20140812_78_Y_015_N02.mat -131260.811929 289917.214447 174 184
PP_F_20140812_78s_G_005_N02.mat -131480.162206 289862.605531 13 25
PP_E_20140812_78s_G_001_N03.mat -131616.050942 291807.337537 288 295
PP_F_20140812_78_K_006_N02.mat -131567.593488 290179.926548 32 40
PP_F_20140812_78_K_005_N02.mat -131619.444908 289780.004052 12 26
PP_F_20140812_78s_G_008_N02.mat -131520.118896 289841.247421 72 83
PP_E_20140812_78_Y_006_N03.mat -131479.314707 291227.786115 347 355
PP_E_20140812_78_K_003_N03.mat -131329.433822 291877.218129 312 332
PP_E_20140812_78_Y_008_N03.mat -131413.467907 291236.195469 371 378
PP_F_20140812_78s_G_014_N02.mat -131473.77305 289784.211702 157 166
PP_E_20140812_78_K_004_N03.mat -131542.46256 290741.354648 334 340
PP_F_20140812_78s_G_007_N02.mat -131506.025568 289823.632716 53 65
PP_F_20140812_78_K_016_N02.mat -131560.200453 290128.974832 190 197
PP_E_20140812_78s_G_006_N03.mat -131574.690703 291005.919099 364 367
PP_F_20140812_78s_G_011_N02.mat -131486.720996 290900.0527 115 118
PP_E_20140812_78_K_006_N03.mat -131681.431335 290972.836543 363 369
PP_F_20140812_78_K_008_N02.mat -131647.632079 289757.08644 71 89
PP_F_20140812_78s_G_013_N02.mat -131462.603698 290540.806819 146 150
PP_E_20140812_78_K_007_N03.mat -131449.503992 291252.563541 371 377
PP_F_20140812_78_Y_005_N02.mat -131561.167453 289817.019808 13 25
PP_F_20140812_78_Y_011_N02.mat -131549.328752 290898.586269 115 124
PP_E_20140812_78_Y_001_N03.mat -131690.672541 291785.868131 287 296
PP_F_20140812_78_Y_013_N02.mat -131530.501743 290475.734729 146 151
PP_F_20140812_78_Y_007_N02.mat -131580.597584 289780.925636 53 64
PP_F_20140812_78s_G_009_N02.mat -131502.021661 289849.460983 97 106
PP_E_20140812_78_Y_004_N03.mat -131531.537826 290762.269406 335 339
PP_E_20140812_78_K_005_N03.mat -131354.826612 291700.257559 343 359
PP_E_20140812_78_K_002_N03.mat -131640.127464 290977.490643 300 308
PP_F_20140812_78_K_012_N02.mat -131580.597584 289780.925636 127 138
PP_E_20140812_78s_G_004_N03.mat -131530.172004 290808.494765 335 338
PP_E_20140812_78_Y_002_N03.mat -131557.235277 290972.562842 300 307
PP_F_20140812_78s_G_010_N02.mat -131690.248124 291065.731783 109 113
PP_F_20140812_78_K_015_N02.mat -131213.606255 289884.179036 173 187
PP_F_20140812_78_K_014_N02.mat -131603.112803 289721.209298 155 168
PP_E_20140812_78s_G_007_N03.mat -131373.691004 291231.98588 372 379
PP_F_20140812_78_K_011_N02.mat -131520.226817 290873.901057 115 119
PP_F_20140812_78_Y_012_N02.mat -131647.632079 289757.08644 127 142
PP_E_20140812_78s_G_005_N03.mat -131445.639455 291636.735462 344 355
PP_F_20140812_78s_G_016_N02.mat -131522.641113 290141.817815 191 201
PP_E_20140812_78s_G_002_N03.mat -131423.843832 290977.896435 301 307
PP_F_20140812_78_Y_006_N02.mat -131627.886105 290129.163044 32 46
PP_F_20140812_78_Y_014_N02.mat -131536.392819 289757.72956 156 167
PP_E_20140812_78s_G_003_N03.mat -131439.540677 291809.173809 313 329
PP_F_20140812_78s_G_006_N02.mat -131513.563131 290240.928275 33 39
PP_E_20140812_78_Y_009_N03.mat -131566.913897 291182.549123 382 390
PP_F_20140812_78_Y_008_N02.mat -131580.597584 289780.925636 72 82
PP_F_20140812_78_K_009_N02.mat -131660.301448 289736.761445 95 103
PP_E_20140812_78_Y_007_N03.mat -131626.310597 290987.120343 363 367
PP_F_20140812_78_K_010_N02.mat -131740.30273 291153.193837 109 112
PP_F_20140812_78s_G_015_N02.mat -131355.738813 289952.165548 174 183
