GP_F_20120705_76CSx_002_W10.mat -142124.517123 278377.48837 80 90
GP_F_20120705_76CSx_001_W10.mat -141749.604916 276045.024409 17 44
GP_F_20120705_H_003_W10.mat -142141.281303 278397.179631 119 130
GP_E_20120705_H_001b_NW10.mat -142156.342643 277554.248085 366 383
GP_E_20120705_76CSx_002_NW10.mat -142162.515127 276615.86471 447 454
GP_E_20120705_76CSx_001a_NW10.mat -142057.368183 278773.875334 356 364
GP_E_20120705_76CSx_001b_NW10.mat -142149.141263 277601.124756 366 384
GP_E_20120705_76CSx_003_NW10.mat -142453.725754 276218.794892 477 486
GP_E_20120705_H_001a_NW10.mat -142029.748099 278684.476287 356 364
GP_E_20120705_H_003_NW10.mat -142434.237174 276187.707365 479 487
GP_F_20120705_H_001_W10.mat -142006.862198 275948.953135 14 41
GP_F_20120705_76CSx_003_W10.mat -142164.115923 278339.731516 118 130
GP_F_20120705_H_002_W10.mat -142141.281303 278397.179631 80 91
GP_E_20120705_H_002_NW10.mat -142069.541776 276630.393344 448 455
