DG_F_20131105_78_3_010_ESE10.mat -65.7664653054 44.6848155884 206 214
DG_E_20131105_78_1_003_S5.mat -65.7601425424 44.6803882672 435 437
DG_E_20131105_78_3_005_S5.mat -65.7602271996 44.6785976831 458 473
DG_E_20131105_78_3_003_S5.mat -65.7610268332 44.6801338764 434 439
DG_E_20131105_78_3_017_S5.mat -65.7612252748 44.6782658016 602 605
DG_F_20131105_78_2_005_ESE10.mat -65.763906478 44.6729170997 131 146
DG_F_20131105_78_3_013_ESE10.mat -65.7669742126 44.6845127083 255 270
DG_E_20131105_78_2_011_S5.mat -65.7622568775 44.6793786669 546 550
DG_E_20131105_78_1_015_S5.mat -65.7601635391 44.6801719721 594 597
DG_E_20131105_78_1_016_S5.mat -65.760276108 44.6794509189 603 604
DG_E_20131105_78_2_003_S5.mat -65.761635988 44.679801031 433 440
DG_E_20131105_78_3_015_S5.mat -65.7595678791 44.6788035007 585 589
DG_E_20131105_78_3_009_S5.mat -65.7609365601 44.677313827 520 531
DG_F_20131105_78_1_013_ESE10.mat -65.7644086378 44.6847936278 257 272
DG_E_20131105_78_2_010_S5.mat -65.7633865485 44.6796637354 535 541
DG_E_20131105_78_2_014_S5.mat -65.7598672807 44.6799912583 576 581
DG_E_20131105_78_3_001_S5.mat -65.7622479089 44.6737374784 399 416
DG_E_20131105_78_1_009_S5.mat -65.7608729415 44.6780487522 521 529
DG_E_20131105_78_3_010_S5.mat -65.7629869413 44.6807826776 536 540
DG_F_20131105_78_2_004_ESE10.mat -65.7636336889 44.682595809 120 126
DG_F_20131105_78_2_013_ESE10.mat -65.7660995191 44.6846913686 256 273
DG_E_20131105_78_2_018_S5.mat -65.7607576903 44.6793932095 609 613
DG_F_20131105_78_2_001_ESE10.mat -65.7643646747 44.6850222861 68 77
DG_F_20131105_78_2_010_ESE10.mat -65.7655722974 44.6849220386 207 213
DG_E_20131105_78_2_016_S5.mat -65.7608820358 44.6795424912 593 597
DG_F_20131105_78_1_010_ESE10.mat -65.7644189894 44.6848626528 208 212
DG_F_20131105_78_1_012_ESE10.mat -65.765246409 44.6846965235 237 244
DG_E_20131105_78_1_017_S5.mat -65.7600842044 44.6802135883 609 612
DG_F_20131105_78_3_011_ESE10.mat -65.7658354891 44.6827322245 217 225
DG_E_20131105_78_1_001_S5.mat -65.7602528483 44.6750921616 401 411
DG_E_20131105_78_1_012_S5.mat -65.7605836401 44.6808128944 567 568
DG_F_20131105_78_3_003_ESE10.mat -65.7656794181 44.6838615602 102 113
DG_E_20131105_78_1_011_S5.mat -65.7620961964 44.6802616166 546 551
DG_F_20131105_78_3_001_ESE10.mat -65.7634160528 44.6850060252 69 77
DG_E_20131105_78_1_007_S5.mat -65.7600655966 44.6792453527 491 498
DG_E_20131105_78_1_013_S5.mat -65.7602699893 44.6811531577 578 580
DG_F_20131105_78_1_008_ESE10.mat -65.7642435981 44.6840012446 181 186
DG_E_20131105_78_2_004_S5.mat -65.7632183237 44.6798898792 444 452
DG_E_20131105_78_2_009_S5.mat -65.7608082332 44.6776885819 520 530
DG_E_20131105_78_3_016_S5.mat -65.7614302123 44.6790195024 593 598
DG_E_20131105_78_1_006_S5.mat -65.7644709572 44.6764076594 481 486
DG_F_20131105_78_3_002_ESE10.mat -65.763800405 44.6825634548 85 89
DG_F_20131105_78_2_014_ESE10.mat -65.766345989 44.6832879866 279 287
DG_E_20131105_78_2_017_S5.mat -65.7606521202 44.6787300752 602 604
DG_E_20131105_78_3_013_S5.mat -65.761635527 44.6795215784 566 570
DG_F_20131105_78_1_006_ESE10.mat -65.7635236764 44.6836176887 153 157
DG_F_20131105_78_2_006_ESE10.mat -65.7645064965 44.6834590612 152 158
DG_F_20131105_78_2_003_ESE10.mat -65.7662459509 44.6837314311 101 114
DG_F_20131105_78_2_002_ESE10.mat -65.7651351392 44.6829304565 83 93
DG_E_20131105_78_1_005_S5.mat -65.7597705116 44.6791011421 458 471
DG_F_20131105_78_3_008_ESE10.mat -65.7662810292 44.6840296173 179 188
DG_E_20131105_78_3_002_S5.mat -65.7639530394 44.6792237693 422 430
DG_E_20131105_78_1_010_S5.mat -65.7626594603 44.6817479376 537 539
DG_F_20131105_78_3_004_ESE10.mat -65.7647440815 44.6827448392 119 127
DG_E_20131105_78_3_006_S5.mat -65.7640523231 44.6765219048 480 485
DG_E_20131105_78_2_005_S5.mat -65.760877342 44.6779955691 457 474
DG_F_20131105_78_1_002_ESE10.mat -65.7647089195 44.6828789497 84 94
DG_F_20131105_78_1_001_ESE10.mat -65.7652691659 44.6850270219 67 76
DG_E_20131105_78_2_015_S5.mat -65.7603986934 44.6781769954 585 591
DG_E_20131105_78_2_002_S5.mat -65.7633053698 44.6798845567 423 429
DG_F_20131105_78_2_007_ESE10.mat -65.7661143132 44.6845575934 163 171
DG_F_20131105_78_3_009_ESE10.mat -65.7655607723 44.6855025692 193 201
DG_E_20131105_78_3_008_S5.mat -65.760504934 44.6771715442 507 516
DG_E_20131105_78_1_008_S5.mat -65.7597747864 44.6779883187 508 515
DG_F_20131105_78_2_011_ESE10.mat -65.7648066105 44.6830743318 218 224
DG_E_20131105_78_3_007_S5.mat -65.7609029906 44.6783056576 489 501
DG_F_20131105_78_1_009_ESE10.mat -65.7646655012 44.6854362683 194 200
DG_E_20131105_78_1_004_S5.mat -65.7634559507 44.6805510018 445 451
DG_E_20131105_78_1_014_S5.mat -65.7592585031 44.6793441754 586 590
DG_F_20131105_78_3_014_ESE10.mat -65.7655691123 44.6835454786 279 286
DG_E_20131105_78_3_011_S5.mat -65.7625332288 44.6785461344 545 547
DG_E_20131105_78_2_001_S5.mat -65.7614439586 44.6743350662 400 414
DG_F_20131105_78_1_007_ESE10.mat -65.7640931848 44.6845785901 165 170
DG_E_20131105_78_3_014_S5.mat -65.7595268916 44.6806934522 577 582
DG_E_20131105_78_2_006_S5.mat -65.7635648316 44.6766643133 480 483
DG_E_20131105_78_2_007_S5.mat -65.7605287386 44.6786235832 490 500
DG_F_20131105_78_1_003_ESE10.mat -65.7643777505 44.683879246 103 111
DG_E_20131105_78_2_012_S5.mat -65.7634882629 44.6792007191 558 563
DG_F_20131105_78_1_005_ESE10.mat -65.7621684484 44.6736261668 133 144
DG_F_20131105_78_3_007_ESE10.mat -65.7652177429 44.6846920392 164 175
DG_F_20131105_78_3_006_ESE10.mat -65.7656168891 44.6833842946 151 159
DG_F_20131105_78_1_014_ESE10.mat -65.7643716736 44.6839097561 280 285
DG_E_20131105_78_3_018_S5.mat -65.7614442101 44.6788673289 608 613
DG_E_20131105_78_3_012_S5.mat -65.7635680167 44.6791449375 557 559
DG_E_20131105_78_2_013_S5.mat -65.7609908748 44.6801743191 566 569
DG_F_20131105_78_2_012_ESE10.mat -65.7669362845 44.6844213875 235 250
DG_E_20131105_78_1_002_S5.mat -65.7615714474 44.680718137 425 427
DG_F_20131105_78_2_008_ESE10.mat -65.7652999694 44.6841620933 180 187
DG_F_20131105_78_1_011_ESE10.mat -65.7637019595 44.6831412613 218 230
DG_E_20131105_78_2_008_S5.mat -65.760937063 44.6763957152 506 517
DG_F_20131105_78_3_012_ESE10.mat -65.7661742857 44.684552229 236 244
DG_F_20131105_78_3_005_ESE10.mat -65.7635691902 44.6729748091 132 147
DG_F_20131105_78_1_004_ESE10.mat -65.7623431692 44.6824886044 121 125
DG_F_20131105_78_2_009_ESE10.mat -65.7663758704 44.6854905831 192 202
DG_E_20131105_78_3_004_S5.mat -65.7634552801 44.6795058623 443 453
