DG_E_20131106_78_2_006_SW10.mat -65.7596946973 44.6786969248 665 681
DG_F_20131106_78_3_003_SW10.mat -65.7664725138 44.6840160806 120 171
DG_E_20131106_78_1_002_SW10.mat -65.7606266811 44.6786282351 498 519
DG_E_20131106_78_1_005_SW10.mat -65.7621119963 44.6786363656 667 678
DG_E_20131106_78_2_009_SW10.mat -65.7592089241 44.6781876823 730 740
DG_E_20131106_78_3_008_SW10.mat -65.7603391819 44.6779592335 731 736
DG_F_20131106_78_2_003_SW10.mat -65.7653935533 44.6843527397 121 170
DG_E_20131106_78_2_008_SW10.mat -65.7611066289 44.6777128056 706 719
DG_E_20131106_78_2_002_SW10.mat -65.7593623549 44.6787066478 496 515
DG_E_20131106_78_2_007_SW10.mat -65.7642747788 44.6815121546 686 694
DG_E_20131106_78_1_001_SW10.mat -65.7598420512 44.6773128211 457 477
DG_F_20131106_78_1_001_SW10.mat -65.7656143745 44.6847151732 42 78
DG_E_20131106_78_3_006_SW10.mat -65.7646316383 44.6817478538 687 695
DG_E_20131106_78_2_001_SW10.mat -65.760471574 44.6766471304 455 480
DG_E_20131106_78_2_005_SW10.mat -65.7599021913 44.6789854718 648 660
DG_E_20131106_78_3_007_SW10.mat -65.760239563 44.677984044 705 721
DG_E_20131106_78_3_002_SW10.mat -65.7583982684 44.678723244 495 522
DG_F_20131106_78_3_002_SW10.mat -65.7645573327 44.6735642245 90 108
DG_E_20131106_78_3_005_SW10.mat -65.7605862804 44.6787235374 666 679
DG_E_20131106_78_1_006_SW10.mat -65.7647422375 44.6818872448 687 696
DG_E_20131106_78_3_001_SW10.mat -65.7610596064 44.6761372173 454 488
DG_E_20131106_78_2_010_SW10.mat -65.7636330603 44.6819176292 744 750
DG_E_20131106_78_1_008_SW10.mat -65.7617507782 44.6776198084 733 738
DG_F_20131106_78_3_001_SW10.mat -65.766387186 44.6844358463 41 77
DG_E_20131106_78_1_003_SW10.mat -65.7627617614 44.6793474024 532 547
DG_F_20131106_78_2_002_SW10.mat -65.7641819492 44.6737208404 91 108
DG_E_20131106_78_1_007_SW10.mat -65.7620158559 44.677746878 708 722
DG_E_20131106_78_3_003_SW10.mat -65.7594981417 44.6801926335 528 551
DG_F_20131106_78_1_003_SW10.mat -65.7635189826 44.684519833 124 168
DG_E_20131106_78_1_004_SW10.mat -65.7602025568 44.6765706455 643 658
DG_E_20131106_78_1_009_SW10.mat -65.7641749922 44.6820257138 745 752
DG_E_20131106_78_2_004_SW10.mat -65.759300245 44.6763086691 642 645
DG_F_20131106_78_1_002_SW10.mat -65.7638074039 44.6739284601 93 112
DG_E_20131106_78_2_003_SW10.mat -65.7608668646 44.6800264204 530 550
DG_F_20131106_78_2_001_SW10.mat -65.7672726922 44.684323445 40 82
DG_E_20131106_78_3_004_SW10.mat -65.7587745739 44.6761026001 640 657
