DG_F_20131010_H_006_NNE05.mat -65.7675139233 44.6837616898 325 345
DG_F_20131010_78_2_006_NNE05.mat -65.7688292535 44.6835044492 324 353
DG_F_20131010_78_2_009_NNE05.mat -65.7609291421 44.6745024109 394 399
DG_E_20131010_78_2_002_NNE05.mat -65.7600828633 44.6746246191 35 62
DG_F_20131010_H_007_NNE05.mat -65.7621137984 44.6747417143 349 353
DG_F_20131010_78_2_010_NNE05.mat -65.7673351374 44.6835526451 416 425
DG_E_20131010_H_003_NNE05.mat -65.7585121784 44.6721989382 70 81
DG_F_20131010_H_009_NNE05.mat -65.7680674223 44.6832232783 372 390
DG_F_20131010_H_012_NNE05.mat -65.7682036702 44.6831822069 415 426
DG_E_20131010_78_2_006_NNE05.mat -65.7631808147 44.6760709584 524 544
DG_F_20131010_H_010_NNE05.mat -65.7603267767 44.6745295683 393 402
DG_E_20131010_78_1_001_NNE05.mat -65.7624877151 44.6752223745 15 29
DG_F_20131010_78_1_010_NNE05.mat -65.7664609468 44.6838227939 416 424
DG_F_20131010_78_1_004_NNE05.mat -65.7653105725 44.6819940303 269 274
DG_F_20131010_78_1_003_NNE05.mat -65.7650827942 44.6738078445 245 256
DG_F_20131010_H_011_NNE05.mat -65.7643902814 44.673804366 407 410
DG_F_20131010_78_2_005_NNE05.mat -65.7678467268 44.6824977407 282 303
DG_F_20131010_78_1_005_NNE05.mat -65.7653709641 44.6826469386 284 293
DG_E_20131010_78_2_001_NNE05.mat -65.7619994693 44.6756864386 16 27
DG_E_20131010_78_1_002_NNE05.mat -65.7598838769 44.6748702088 36 63
DG_E_20131010_78_2_004_NNE05.mat -65.7616646122 44.6754809562 478 495
DG_E_20131010_78_1_004_NNE05.mat -65.7604095899 44.6759168571 479 496
DG_F_20131010_H_002_NNE05.mat -65.7673045853 44.6826401912 205 240
DG_E_20131010_H_004_NNE05.mat -65.7624686044 44.6751899784 477 492
DG_F_20131010_78_2_002_NNE05.mat -65.7664298499 44.6829543868 206 234
DG_F_20131010_78_1_008_NNE05.mat -65.7657031808 44.6835724683 374 389
DG_E_20131010_78_2_003_NNE05.mat -65.760120498 44.6726688277 73 98
DG_E_20131010_H_006_NNE05.mat -65.7638811227 44.6761050727 524 545
DG_E_20131010_H_005_NNE05.mat -65.7638164144 44.6749348752 501 518
DG_F_20131010_78_1_001_NNE05.mat -65.7659848547 44.683601805 169 192
DG_F_20131010_78_1_002_NNE05.mat -65.7652461156 44.6832431015 207 233
DG_F_20131010_H_003_NNE05.mat -65.7645571232 44.6741870418 243 253
DG_E_20131010_H_001_NNE05.mat -65.7627989352 44.6748513496 15 24
DG_E_20131010_H_002_NNE05.mat -65.7594493171 44.6752770664 37 63
DG_F_20131010_H_001_NNE05.mat -65.7688677683 44.6838208241 166 186
DG_F_20131010_H_004_NNE05.mat -65.7674091076 44.6815303015 267 279
DG_F_20131010_78_2_004_NNE05.mat -65.7667849911 44.6818326367 268 275
DG_F_20131010_H_005_NNE05.mat -65.7666486176 44.6825468587 283 301
DG_F_20131010_78_1_006_NNE05.mat -65.7667867932 44.6838900587 326 343
DG_E_20131010_78_1_003_NNE05.mat -65.7579788379 44.6725174086 71 96
DG_F_20131010_78_1_009_NNE05.mat -65.761471116 44.6745201387 394 398
DG_F_20131010_78_2_001_NNE05.mat -65.7674914179 44.6838183515 167 198
DG_F_20131010_78_2_003_NNE05.mat -65.7646834804 44.6735559683 246 256
DG_F_20131010_78_2_007_NNE05.mat -65.7648579916 44.6741728345 362 367
DG_F_20131010_H_008_NNE05.mat -65.7646810077 44.6742877923 362 368
DG_F_20131010_78_2_008_NNE05.mat -65.7672650646 44.6834317781 373 390
DG_F_20131010_78_1_007_NNE05.mat -65.7618832123 44.674835382 350 353
DG_E_20131010_78_2_005_NNE05.mat -65.7645559078 44.674722855 499 520
DG_E_20131010_78_1_006_NNE05.mat -65.7621522294 44.6766620921 525 540
DG_E_20131010_78_1_005_NNE05.mat -65.7626866596 44.6754432376 501 519
