-66.3379748957 44.273401564 162.0 172.0
-66.3366506808 44.2617404927 500.0 506.0
-66.3405061048 44.2608837783 498.0 516.0
-66.3425600901 44.2698490201 91.0 109.0
-66.3370369188 44.2752965447 136.0 150.0
-66.3409153931 44.2706971848 93.0 108.0
-66.3400318567 44.2742830887 163.0 172.0
-66.3377969898 44.2760333978 137.0 148.0
-66.3389196619 44.2610468483 499.0 507.0
-66.3345953962 44.2558169598 68.0 87.0
-66.3374141883 44.2560070194 68.0 85.0
-66.3382311724 44.2746131262 134.0 147.0
-66.3367877668 44.2731188424 161.0 184.0
-66.3333420502 44.2574349185 25.0 54.0
-66.3367360923 44.2557242559 23.0 55.0
-66.3402926596 44.2554247705 74.0 110.0
-66.3391428301 44.2540961551 65.0 72.0
-66.3348153792 44.2564849136 24.0 53.0
-66.3419143902 44.2712011049 85.0 87.0
