-66.2094592396 44.3830678286 96.0 105.0
-66.2100882176 44.3855846208 190.0 198.0
-66.2096708408 44.3887289241 146.0 152.0
-66.2103249645 44.3827651581 52.0 66.0
-66.2119487906 44.3957392965 108.0 111.0
-66.208675364 44.3833348341 128.0 139.0
-66.2064222246 44.4002884068 343.0 345.0
-66.2075624987 44.401638899 313.0 330.0
-66.2054056255 44.3842203822 174.0 184.0
-66.208264567 44.3836483592 13.0 25.0
-66.2102929037 44.401141475 288.0 295.0
-66.2095638458 44.3865564186 32.0 40.0
-66.2100281613 44.38293288 12.0 26.0
-66.2087072153 44.3833966507 72.0 83.0
-66.2085423432 44.3959592376 347.0 355.0
-66.2068876298 44.4018804235 312.0 332.0
-66.207835204 44.39603962 371.0 378.0
-66.2082327157 44.3830482988 157.0 166.0
-66.2092083273 44.3916808208 334.0 340.0
-66.2086074287 44.3834072119 53.0 65.0
-66.2094435655 44.3860047637 190.0 197.0
-66.2096346309 44.3938444415 364.0 367.0
-66.2085741945 44.3930055387 115.0 118.0
-66.2110751448 44.3935548048 363.0 369.0
-66.2103489786 44.3827227037 71.0 89.0
-66.208293736 44.389764131 146.0 150.0
-66.2082359847 44.3961204635 371.0 377.0
-66.2091581617 44.3831654359 13.0 25.0
-66.2093792344 44.3929160619 115.0 124.0
-66.2113185553 44.4010244217 287.0 296.0
-66.2089436268 44.3892224506 146.0 151.0
-66.2094412604 44.3830136396 53.0 64.0
-66.2084539142 44.3836142868 97.0 106.0
-66.2091385061 44.3918245705 335.0 339.0
-66.2072166195 44.4001472974 343.0 359.0
-66.210563262 44.3935711076 300.0 308.0
-66.2094815774 44.382930072 127.0 138.0
-66.2089901045 44.3920967309 335.0 338.0
-66.2094560545 44.3936308287 300.0 307.0
-66.211097273 44.3945339788 109.0 113.0
-66.2049707724 44.3838859024 173.0 187.0
-66.2097710464 44.3822873477 155.0 168.0
-66.2071979698 44.3959273864 372.0 379.0
-66.2089629471 44.3928230228 115.0 119.0
-66.2102955021 44.3827419402 127.0 142.0
-66.208135779 44.3996251887 344.0 355.0
-66.2087649666 44.3862335896 191.0 201.0
-66.2078082561 44.3936232012 301.0 307.0
-66.2102242978 44.3861514889 32.0 46.0
-66.2090130709 44.3827227456 156.0 167.0
-66.2083260901 44.401195161 313.0 329.0
-66.2087491248 44.3871892104 33.0 39.0
-66.2096709665 44.3954540184 382.0 390.0
-66.2094782665 44.3830464128 72.0 82.0
-66.2104273913 44.382599825 95.0 103.0
-66.2104143156 44.3936934415 363.0 367.0
-66.2116949446 44.3952806806 109.0 112.0
-66.206653188 44.3844145909 174.0 183.0
