GP_F_20120605_76CSx_002_NE20.mat -66.338810275 44.27352046 123 138
GP_F_20120605_H_005_NE20.mat -66.338715775 44.278518675 245 254
GP_F_20120605_H_001_NE20.mat -66.340416335 44.26583807 104 122
GP_F_20120605_76CSx_001_NE20.mat -66.339699475 44.265976285 101 114
GP_F_20120605_H_004_NE20.mat -66.33928993 44.27851884 197 209
GP_F_20120605_H_003_NE20.mat -66.33945904 44.280074605 162 166
GP_F_20120605_76CSx_005_NE20.mat -66.3389464 44.2781171 244 255
GP_F_20120605_76CSx_003_NE20.mat -66.339551445 44.28022045 162 168
GP_F_20120605_H_002_NE20.mat -66.339314365 44.276686265 133 140
GP_F_20120605_76CSx_004_NE20.mat -66.33927292 44.27838842 197 209
