GP_F_20120705_76CSx_002_W10.mat -66.3388542412 44.278446422 80 90
GP_F_20120705_76CSx_001_W10.mat -66.3333601551 44.2575326934 17 44
GP_F_20120705_H_003_W10.mat -66.3389502559 44.278588118 119 130
GP_E_20120705_H_001b_NW10.mat -66.3389082626 44.2710493505 366 383
GP_E_20120705_76CSx_002_NW10.mat -66.3387796003 44.2625703011 447 454
GP_E_20120705_76CSx_001a_NW10.mat -66.3380267378 44.2819300247 356 364
GP_E_20120705_76CSx_001b_NW10.mat -66.3389660558 44.2714878498 366 384
GP_E_20120705_76CSx_003_NW10.mat -66.3422561204 44.2589740455 477 486
GP_E_20120705_H_001a_NW10.mat -66.3377391128 44.2812514678 356 364
GP_E_20120705_H_003_NW10.mat -66.3420921704 44.2587265279 479 487
GP_F_20120705_H_001_W10.mat -66.3366226433 44.2566264421 14 41
GP_F_20120705_76CSx_003_W10.mat -66.3393297046 44.2781386804 118 130
GP_F_20120705_H_002_W10.mat -66.3389318576 44.2786112521 80 91
GP_E_20120705_H_002_NW10.mat -66.337612588 44.2627697485 448 455
