-65.7596946973 44.6786969248 665.0 681.0
-65.7664725138 44.6840160806 120.0 171.0
-65.7606266811 44.6786282351 498.0 519.0
-65.7621119963 44.6786363656 667.0 678.0
-65.7592089241 44.6781876823 730.0 740.0
-65.7603391819 44.6779592335 731.0 736.0
-65.7653935533 44.6843527397 121.0 170.0
-65.7611066289 44.6777128056 706.0 719.0
-65.7593623549 44.6787066478 496.0 515.0
-65.7642747788 44.6815121546 686.0 694.0
-65.7598420512 44.6773128211 457.0 477.0
-65.7656143745 44.6847151732 42.0 78.0
-65.7646316383 44.6817478538 687.0 695.0
-65.760471574 44.6766471304 455.0 480.0
-65.7599021913 44.6789854718 648.0 660.0
-65.760239563 44.677984044 705.0 721.0
-65.7583982684 44.678723244 495.0 522.0
-65.7645573327 44.6735642245 90.0 108.0
-65.7605862804 44.6787235374 666.0 679.0
-65.7647422375 44.6818872448 687.0 696.0
-65.7610596064 44.6761372173 454.0 488.0
-65.7636330603 44.6819176292 744.0 750.0
-65.7617507782 44.6776198084 733.0 738.0
-65.766387186 44.6844358463 41.0 77.0
-65.7627617614 44.6793474024 532.0 547.0
-65.7641819492 44.6737208404 91.0 108.0
-65.7620158559 44.677746878 708.0 722.0
-65.7594981417 44.6801926335 528.0 551.0
-65.7635189826 44.684519833 124.0 168.0
-65.7602025568 44.6765706455 643.0 658.0
-65.7641749922 44.6820257138 745.0 752.0
-65.759300245 44.6763086691 642.0 645.0
-65.7638074039 44.6739284601 93.0 112.0
-65.7608668646 44.6800264204 530.0 550.0
-65.7672726922 44.684323445 40.0 82.0
-65.7587745739 44.6761026001 640.0 657.0
