-65.7675139233 44.6837616898 325.0 345.0
-65.7688292535 44.6835044492 324.0 353.0
-65.7609291421 44.6745024109 394.0 399.0
-65.7600828633 44.6746246191 35.0 62.0
-65.7621137984 44.6747417143 349.0 353.0
-65.7673351374 44.6835526451 416.0 425.0
-65.7585121784 44.6721989382 70.0 81.0
-65.7680674223 44.6832232783 372.0 390.0
-65.7682036702 44.6831822069 415.0 426.0
-65.7631808147 44.6760709584 524.0 544.0
-65.7603267767 44.6745295683 393.0 402.0
-65.7624877151 44.6752223745 15.0 29.0
-65.7664609468 44.6838227939 416.0 424.0
-65.7653105725 44.6819940303 269.0 274.0
-65.7650827942 44.6738078445 245.0 256.0
-65.7643902814 44.673804366 407.0 410.0
-65.7678467268 44.6824977407 282.0 303.0
-65.7653709641 44.6826469386 284.0 293.0
-65.7619994693 44.6756864386 16.0 27.0
-65.7598838769 44.6748702088 36.0 63.0
-65.7616646122 44.6754809562 478.0 495.0
-65.7604095899 44.6759168571 479.0 496.0
-65.7673045853 44.6826401912 205.0 240.0
-65.7624686044 44.6751899784 477.0 492.0
-65.7664298499 44.6829543868 206.0 234.0
-65.7657031808 44.6835724683 374.0 389.0
-65.760120498 44.6726688277 73.0 98.0
-65.7638811227 44.6761050727 524.0 545.0
-65.7638164144 44.6749348752 501.0 518.0
-65.7659848547 44.683601805 169.0 192.0
-65.7652461156 44.6832431015 207.0 233.0
-65.7645571232 44.6741870418 243.0 253.0
-65.7627989352 44.6748513496 15.0 24.0
-65.7594493171 44.6752770664 37.0 63.0
-65.7688677683 44.6838208241 166.0 186.0
-65.7674091076 44.6815303015 267.0 279.0
-65.7667849911 44.6818326367 268.0 275.0
-65.7666486176 44.6825468587 283.0 301.0
-65.7667867932 44.6838900587 326.0 343.0
-65.7579788379 44.6725174086 71.0 96.0
-65.761471116 44.6745201387 394.0 398.0
-65.7674914179 44.6838183515 167.0 198.0
-65.7646834804 44.6735559683 246.0 256.0
-65.7648579916 44.6741728345 362.0 367.0
-65.7646810077 44.6742877923 362.0 368.0
-65.7672650646 44.6834317781 373.0 390.0
-65.7618832123 44.674835382 350.0 353.0
-65.7645559078 44.674722855 499.0 520.0
-65.7621522294 44.6766620921 525.0 540.0
-65.7626866596 44.6754432376 501.0 519.0
